00100000000000010000000000000001
10101100000000010000000000000000
10001100000000100000000000000000
00010000010000010000000000000010
00100000000000110000000000000100
00100000000000110000000000000101
00100000000000110000000000000110
00001000000000000000000000001001
00100000000000110000000000001000
00100000000000100000000000001001
00010000010000010000000000000100
00100000000000110000000000001011
00001000000000000000000000001110
00100000000000110000000000001101
00100000000000110000000000001110
00000000001000100001100000100000
